anode_ocv_table_start
4=col
0x27ff024c=crc
0.8995000000, 0.8611000000, 0.8264000000, 0.7940000000
0.7626000000, 0.7317000000, 0.7017000000, 0.6734000000
0.6470000000, 0.6224000000, 0.5997000000, 0.5784000000
0.5583000000, 0.5392000000, 0.5205000000, 0.5023000000
0.4841000000, 0.4662000000, 0.4486000000, 0.4317000000
0.4157000000, 0.4005000000, 0.3863000000, 0.3729000000
0.3602000000, 0.3474000000, 0.3332000000, 0.3150000000
0.2923000000, 0.2731000000, 0.2619000000, 0.2557000000
0.2517000000, 0.2485000000, 0.2454000000, 0.2410000000
0.2348000000, 0.2275000000, 0.2210000000, 0.2152000000
0.2099000000, 0.2052000000, 0.2009000000, 0.1973000000
0.1941000000, 0.1914000000, 0.1889000000, 0.1868000000
0.1848000000, 0.1831000000, 0.1816000000, 0.1802000000
0.1789000000, 0.1777000000, 0.1767000000, 0.1757000000
0.1748000000, 0.1740000000, 0.1733000000, 0.1725000000
0.1717000000, 0.1709000000, 0.1702000000, 0.1694000000
0.1685000000, 0.1675000000, 0.1664000000, 0.1650000000
0.1635000000, 0.1619000000, 0.1600000000, 0.1580000000
0.1560000000, 0.1539000000, 0.1519000000, 0.1500000000
0.1483000000, 0.1468000000, 0.1454000000, 0.1442000000
0.1432000000, 0.1423000000, 0.1415000000, 0.1409000000
0.1404000000, 0.1400000000, 0.1398000000, 0.1396000000
0.1397000000, 0.1398000000, 0.1401000000, 0.1407000000
0.1414000000, 0.1425000000, 0.1437000000, 0.1451000000
0.1468000000, 0.1484000000, 0.1493000000, 0.1473000000
0.1166000000, 0.8949000000, 0.8462000000, 0.8062000000
0.7721000000, 0.7406000000, 0.7111000000, 0.6827000000
0.6551000000, 0.6285000000, 0.6035000000, 0.5802000000
0.5588000000, 0.5388000000, 0.5203000000, 0.5026000000
0.4856000000, 0.4690000000, 0.4526000000, 0.4360000000
0.4197000000, 0.4039000000, 0.3887000000, 0.3746000000
0.3615000000, 0.3495000000, 0.3384000000, 0.3278000000
0.3177000000, 0.3076000000, 0.2968000000, 0.2851000000
0.2733000000, 0.2638000000, 0.2569000000, 0.2521000000
0.2481000000, 0.2443000000, 0.2401000000, 0.2349000000
0.2286000000, 0.2219000000, 0.2157000000, 0.2098000000
0.2045000000, 0.1997000000, 0.1953000000, 0.1914000000
0.1879000000, 0.1847000000, 0.1819000000, 0.1793000000
0.1770000000, 0.1749000000, 0.1730000000, 0.1712000000
0.1697000000, 0.1682000000, 0.1669000000, 0.1656000000
0.1644000000, 0.1632000000, 0.1620000000, 0.1609000000
0.1598000000, 0.1586000000, 0.1573000000, 0.1559000000
0.1544000000, 0.1526000000, 0.1506000000, 0.1483000000
0.1459000000, 0.1434000000, 0.1409000000, 0.1386000000
0.1365000000, 0.1347000000, 0.1331000000, 0.1317000000
0.1305000000, 0.1295000000, 0.1287000000, 0.1280000000
0.1274000000, 0.1269000000, 0.1266000000, 0.1263000000
0.1262000000, 0.1261000000, 0.1261000000, 0.1262000000
0.1264000000, 0.1265000000, 0.1265000000, 0.1263000000
0.1256000000, 0.1238000000, 0.1201000000, 0.1120000000
0.0953000000, 0.0494000000, 0.8858000000, 0.8304000000
0.7876000000, 0.7525000000, 0.7222000000, 0.6944000000
0.6678000000, 0.6420000000, 0.6165000000, 0.5921000000
0.5691000000, 0.5475000000, 0.5277000000, 0.5092000000
0.4919000000, 0.4754000000, 0.4596000000, 0.4439000000
0.4283000000, 0.4127000000, 0.3972000000, 0.3820000000
0.3677000000, 0.3544000000, 0.3420000000, 0.3306000000
0.3199000000, 0.3098000000, 0.3004000000, 0.2912000000
0.2818000000, 0.2711000000, 0.2604000000, 0.2522000000
0.2467000000, 0.2428000000, 0.2395000000, 0.2360000000
0.2316000000, 0.2257000000, 0.2187000000, 0.2122000000
0.2064000000, 0.2008000000, 0.1955000000, 0.1909000000
0.1868000000, 0.1831000000, 0.1798000000, 0.1767000000
0.1737000000, 0.1711000000, 0.1687000000, 0.1666000000
0.1646000000, 0.1630000000, 0.1614000000, 0.1600000000
0.1587000000, 0.1575000000, 0.1562000000, 0.1551000000
0.1539000000, 0.1528000000, 0.1516000000, 0.1504000000
0.1492000000, 0.1479000000, 0.1465000000, 0.1449000000
0.1432000000, 0.1412000000, 0.1389000000, 0.1364000000
0.1338000000, 0.1314000000, 0.1292000000, 0.1273000000
0.1257000000, 0.1243000000, 0.1230000000, 0.1219000000
0.1210000000, 0.1201000000, 0.1193000000, 0.1186000000
0.1179000000, 0.1173000000, 0.1167000000, 0.1161000000
0.1156000000, 0.1151000000, 0.1146000000, 0.1141000000
0.1134000000, 0.1124000000, 0.1106000000, 0.1069000000
0.0987000000, 0.0808000000, 0.0322000000, 0.8758000000
0.8154000000, 0.7701000000, 0.7343000000, 0.7043000000
0.6771000000, 0.6513000000, 0.6262000000, 0.6016000000
0.5776000000, 0.5547000000, 0.5332000000, 0.5132000000
0.4947000000, 0.4774000000, 0.4610000000, 0.4453000000
0.4299000000, 0.4146000000, 0.3993000000, 0.3839000000
0.3689000000, 0.3544000000, 0.3409000000, 0.3285000000
0.3170000000, 0.3064000000, 0.2964000000, 0.2871000000
0.2782000000, 0.2699000000, 0.2602000000, 0.2476000000
0.2391000000, 0.2346000000, 0.2317000000, 0.2293000000
0.2267000000, 0.2222000000, 0.2145000000, 0.2074000000
0.2007000000, 0.1939000000, 0.1878000000, 0.1827000000
0.1783000000, 0.1742000000, 0.1702000000, 0.1663000000
0.1628000000, 0.1597000000, 0.1570000000, 0.1547000000
0.1526000000, 0.1509000000, 0.1494000000, 0.1481000000
0.1471000000, 0.1461000000, 0.1453000000, 0.1444000000
0.1436000000, 0.1428000000, 0.1419000000, 0.1411000000
0.1401000000, 0.1390000000, 0.1378000000, 0.1363000000
0.1346000000, 0.1324000000, 0.1297000000, 0.1268000000
0.1240000000, 0.1215000000, 0.1193000000, 0.1176000000
0.1162000000, 0.1150000000, 0.1140000000, 0.1131000000
0.1123000000, 0.1116000000, 0.1110000000, 0.1104000000
0.1099000000, 0.1094000000, 0.1088000000, 0.1083000000
0.1078000000, 0.1073000000, 0.1068000000, 0.1062000000
0.1055000000, 0.1046000000, 0.1034000000, 0.1011000000
0.0965000000, 0.0867000000, 0.0672000000, 0.0234000000
anode_ocv_table_end
weight_table_start
4=col
0x9ce4c416=crc
0.6079326225, 0.6158798181, 0.6201379256, 0.6207069450
0.6175868764, 0.6120017030, 0.6013121043, 0.5853109745
0.5674468113, 0.5467127928, 0.5310079469, 0.5228187606
0.5197706545, 0.5193346398, 0.5190633074, 0.5166788633
0.5099401794, 0.5008445370, 0.4936502174, 0.4869188040
0.4799377725, 0.4723660226, 0.4641040930, 0.4552942355
0.4461594441, 0.4369682384, 0.4281238608, 0.4189396093
0.4089415409, 0.3987092240, 0.3889760933, 0.3803374481
0.3706886266, 0.3682188523, 0.3705629303, 0.3743382791
0.3779149882, 0.3795492518, 0.3773720323, 0.3672660700
0.3625230390, 0.3644777426, 0.3697912491, 0.3764940230
0.3825797012, 0.3859176843, 0.3845981003, 0.3822611981
0.3828726919, 0.3843085533, 0.3862370255, 0.3884553056
0.3908601152, 0.3933653647, 0.3958589335, 0.3982715788
0.4004661047, 0.4016991442, 0.4009372221, 0.3984181467
0.3953210183, 0.3928752486, 0.3921144506, 0.3934457354
0.3961821356, 0.3983344723, 0.3985903571, 0.3969739170
0.3941334739, 0.3911336545, 0.3890460136, 0.3886575858
0.3900278132, 0.3925958482, 0.3958395553, 0.3995250907
0.4035489531, 0.4078350146, 0.4122959634, 0.4168549054
0.4214542534, 0.4260425704, 0.4306058803, 0.4351493838
0.4396917606, 0.4442465360, 0.4488058142, 0.4533610857
0.4579163573, 0.4624716288, 0.4670269004, 0.4715821719
0.4761374435, 0.4806927150, 0.4852479866, 0.4898032581
0.4943585297, 0.4989138013, 0.5034690728, 0.5080243444
0.5125796159, 0.6378176796, 0.6378000419, 0.6348283528
0.6289026123, 0.6200228203, 0.6061297673, 0.5907256311
0.5750535390, 0.5585111129, 0.5434107706, 0.5299084214
0.5193197487, 0.5098758788, 0.5004395180, 0.4907301293
0.4800820162, 0.4708253459, 0.4630759575, 0.4559986865
0.4483355027, 0.4412807952, 0.4364876659, 0.4325913735
0.4294145530, 0.4253797582, 0.4195133905, 0.4108763249
0.4011024765, 0.3919489072, 0.3827228341, 0.3733900641
0.3644272888, 0.3563563224, 0.3498438007, 0.3446502129
0.3417620016, 0.3399595209, 0.3385688632, 0.3368863402
0.3342205791, 0.3305104652, 0.3259739843, 0.3203607038
0.3181285395, 0.3168456173, 0.3182944054, 0.3220427381
0.3265101695, 0.3303229629, 0.3321083798, 0.3333980084
0.3334924769, 0.3328306062, 0.3335381768, 0.3344852028
0.3355505793, 0.3366184464, 0.3370957336, 0.3361513745
0.3341191543, 0.3318891752, 0.3304122501, 0.3304181369
0.3322808583, 0.3355669918, 0.3388329141, 0.3401718123
0.3413112727, 0.3403903234, 0.3416133980, 0.3472605789
0.3562122201, 0.3668933367, 0.3769255666, 0.3855767926
0.3915710159, 0.3954795187, 0.4019966028, 0.4090392706
0.4165246732, 0.4243791395, 0.4325335888, 0.4409147607
0.4493992927, 0.4579130238, 0.4663007171, 0.4746078936
0.4828604126, 0.4910835225, 0.4993150307, 0.5076017089
0.5159250087, 0.5242109497, 0.5324799818, 0.5407587395
0.5490374971, 0.5573162548, 0.5655950124, 0.5738737701
0.5821525277, 0.5904312854, 0.6637987507, 0.6618110532
0.6564755950, 0.6477923761, 0.6357613966, 0.6184706565
0.5994768449, 0.5790318837, 0.5588666600, 0.5405717674
0.5247599254, 0.5117574360, 0.5009249808, 0.4908221148
0.4812922186, 0.4731671091, 0.4664520121, 0.4595687877
0.4543760637, 0.4498178379, 0.4446915896, 0.4389794836
0.4325839374, 0.4252524143, 0.4173071194, 0.4094093574
0.4015814340, 0.3952785688, 0.3902188035, 0.3843377083
0.3776896093, 0.3723126584, 0.3671405391, 0.3616951982
0.3579332650, 0.3556319644, 0.3529745124, 0.3487684259
0.3450038140, 0.3416474898, 0.3384069543, 0.3355048107
0.3332680577, 0.3312611256, 0.3289013890, 0.3261867553
0.3243109721, 0.3218684793, 0.3202194413, 0.3186465429
0.3196031543, 0.3225045932, 0.3262777931, 0.3302815374
0.3334056190, 0.3350085418, 0.3369621367, 0.3402672235
0.3427427807, 0.3437778257, 0.3437594356, 0.3431829776
0.3426288914, 0.3441114223, 0.3480361580, 0.3527664177
0.3573003102, 0.3602792205, 0.3611848176, 0.3603760991
0.3589989311, 0.3585261694, 0.3597241840, 0.3627855269
0.3670245620, 0.3722060296, 0.3787910670, 0.3869009276
0.3964773918, 0.4073173627, 0.4181094745, 0.4290060400
0.4397412456, 0.4503830672, 0.4609507905, 0.4711456043
0.4813275717, 0.4913481542, 0.5014654992, 0.5115682905
0.5216523573, 0.5317514621, 0.5418854074, 0.5519946896
0.5621039718, 0.5722132540, 0.5823225362, 0.5924318184
0.6025411006, 0.6126503828, 0.6227596650, 0.7146653759
0.7100151491, 0.7031501809, 0.6940704713, 0.6827760201
0.6683698726, 0.6526137572, 0.6351235247, 0.6164281037
0.5976124644, 0.5797990143, 0.5637973854, 0.5491446379
0.5359147727, 0.5256351632, 0.5172293153, 0.5097944909
0.5027211949, 0.4954587665, 0.4869249409, 0.4773344096
0.4691443592, 0.4630543381, 0.4582104527, 0.4535006079
0.4480340525, 0.4409623025, 0.4318168348, 0.4225432182
0.4139744002, 0.4057704470, 0.3961596689, 0.3855513593
0.3746746525, 0.3644195013, 0.3561097220, 0.3503079157
0.3452679443, 0.3394751146, 0.3327093417, 0.3254006389
0.3200975568, 0.3166264831, 0.3147618107, 0.3134703590
0.3102411835, 0.3098696022, 0.3104105169, 0.3132673513
0.3159244163, 0.3173370436, 0.3165034390, 0.3124919695
0.3101164904, 0.3090798954, 0.3088680339, 0.3089516744
0.3081856780, 0.3061289907, 0.3023431084, 0.3010081148
0.3025480566, 0.3068257449, 0.3131142859, 0.3198348620
0.3253660749, 0.3294027584, 0.3334247943, 0.3363419894
0.3372449496, 0.3370562652, 0.3387943191, 0.3408397632
0.3401780676, 0.3376569195, 0.3344139093, 0.3318063242
0.3320588216, 0.3380428618, 0.3494031937, 0.3613784388
0.3732555637, 0.3865411217, 0.4009805012, 0.4158502823
0.4312404956, 0.4468294173, 0.4621583691, 0.4774011118
0.4927387825, 0.5081307324, 0.5235226883, 0.5388548438
0.5542036400, 0.5695524362, 0.5849012324, 0.6002500286
0.6155988248, 0.6309476210, 0.6462964172, 0.6616452134
weight_table_end
origin_ocv_table_start
4=col
0x17854fe9=crc
3.0000000000, 3.0239000000, 3.0586000000, 3.0896000000
3.1200000000, 3.1522000000, 3.1839000000, 3.2149000000
3.2459000000, 3.2744000000, 3.2992000000, 3.3246000000
3.3469000000, 3.3692000000, 3.3891000000, 3.4071000000
3.4238000000, 3.4437000000, 3.4635000000, 3.4827000000
3.5019000000, 3.5212000000, 3.5398000000, 3.5577000000
3.5757000000, 3.5918000000, 3.6080000000, 3.6228000000
3.6390000000, 3.6569000000, 3.6793000000, 3.6941000000
3.7028000000, 3.7103000000, 3.7165000000, 3.7233000000
3.7307000000, 3.7413000000, 3.7543000000, 3.7667000000
3.7791000000, 3.7915000000, 3.8027000000, 3.8132000000
3.8237000000, 3.8330000000, 3.8423000000, 3.8510000000
3.8591000000, 3.8671000000, 3.8746000000, 3.8833000000
3.8913000000, 3.8994000000, 3.9068000000, 3.9155000000
3.9242000000, 3.9341000000, 3.9428000000, 3.9521000000
3.9608000000, 3.9707000000, 3.9800000000, 3.9893000000
3.9986000000, 4.0079000000, 4.0190000000, 4.0290000000
4.0407000000, 4.0538000000, 4.0668000000, 4.0823000000
4.0972000000, 4.1114000000, 4.1251000000, 4.1393000000
4.1511000000, 4.1641000000, 4.1765000000, 4.1889000000
4.2001000000, 4.2106000000, 4.2212000000, 4.2323000000
4.2441000000, 4.2553000000, 4.2658000000, 4.2764000000
4.2869000000, 4.2974000000, 4.3086000000, 4.3179000000
4.3284000000, 4.3377000000, 4.3477000000, 4.3570000000
4.3669000000, 4.3774000000, 4.3892000000, 4.4060000000
4.4512000000, 3.0000000000, 3.0433000000, 3.0834000000
3.1181333330, 3.1481333330, 3.1786666670, 3.2074333330
3.2355666670, 3.2645000000, 3.2921333330, 3.3178000000
3.3428000000, 3.3647000000, 3.3870000000, 3.4064333330
3.4257000000, 3.4428000000, 3.4614333330, 3.4804333330
3.4992333330, 3.5184333330, 3.5372666670, 3.5554666670
3.5734333330, 3.5901666670, 3.6062666670, 3.6212000000
3.6352000000, 3.6505333330, 3.6651666670, 3.6825666670
3.7011666670, 3.7127333330, 3.7210333330, 3.7276333330
3.7344333330, 3.7414333330, 3.7520333330, 3.7654333330
3.7774333330, 3.7894333330, 3.8026333330, 3.8146333330
3.8256000000, 3.8357000000, 3.8462666670, 3.8572333330
3.8675333330, 3.8773000000, 3.8865666670, 3.8956666670
3.9047666670, 3.9136333330, 3.9221333330, 3.9308000000
3.9395000000, 3.9486000000, 3.9581000000, 3.9680000000
3.9769000000, 3.9864000000, 3.9967000000, 4.0064666670
4.0169666670, 4.0275333330, 4.0376333330, 4.0500666670
4.0624666670, 4.0767000000, 4.0922000000, 4.1068666670
4.1223666670, 4.1368666670, 4.1506666670, 4.1639666670
4.1769666670, 4.1895666670, 4.2021666670, 4.2141666670
4.2265666670, 4.2381000000, 4.2498666670, 4.2612666670
4.2724333330, 4.2837666670, 4.2945666670, 4.3054666670
4.3152000000, 4.3257666670, 4.3354666670, 4.3454000000
4.3551000000, 4.3644000000, 4.3737000000, 4.3824333330
4.3908666670, 4.4003666670, 4.4092666670, 4.4206000000
4.4353333330, 4.4722666670, 3.0000000000, 3.0554750000
3.0995250000, 3.1359750000, 3.1657500000, 3.1947000000
3.2213750000, 3.2476000000, 3.2747250000, 3.3013250000
3.3271000000, 3.3514250000, 3.3734500000, 3.3954250000
3.4146500000, 3.4342250000, 3.4518500000, 3.4696750000
3.4881250000, 3.5062750000, 3.5250000000, 3.5434500000
3.5616000000, 3.5796000000, 3.5960000000, 3.6121250000
3.6267250000, 3.6403250000, 3.6549000000, 3.6679250000
3.6825000000, 3.7012750000, 3.7158500000, 3.7254750000
3.7325750000, 3.7393750000, 3.7460250000, 3.7558500000
3.7688500000, 3.7809500000, 3.7927500000, 3.8060500000
3.8186000000, 3.8301000000, 3.8400000000, 3.8510250000
3.8628250000, 3.8739500000, 3.8850000000, 3.8953750000
3.9063500000, 3.9161250000, 3.9255750000, 3.9344250000
3.9437250000, 3.9525750000, 3.9618750000, 3.9711750000
3.9813750000, 3.9903750000, 4.0004500000, 4.0106500000
4.0207750000, 4.0319000000, 4.0427750000, 4.0536000000
4.0663750000, 4.0799750000, 4.0954750000, 4.1126500000
4.1283000000, 4.1436500000, 4.1577750000, 4.1714000000
4.1844750000, 4.1970250000, 4.2097250000, 4.2219750000
4.2339250000, 4.2463250000, 4.2582000000, 4.2701250000
4.2819250000, 4.2932750000, 4.3042250000, 4.3149750000
4.3260750000, 4.3358500000, 4.3461250000, 4.3554250000
4.3647250000, 4.3746250000, 4.3834750000, 4.3926250000
4.4008750000, 4.4089000000, 4.4180250000, 4.4266000000
4.4372500000, 4.4509250000, 4.4820250000, 3.0000000000
3.0604250000, 3.1069750000, 3.1431250000, 3.1728500000
3.2003000000, 3.2257250000, 3.2510000000, 3.2765750000
3.3019750000, 3.3271000000, 3.3504750000, 3.3731500000
3.3944750000, 3.4137500000, 3.4326750000, 3.4509500000
3.4684250000, 3.4865750000, 3.5038250000, 3.5216000000
3.5397500000, 3.5582000000, 3.5762000000, 3.5932000000
3.6093750000, 3.6245750000, 3.6381750000, 3.6521000000
3.6651750000, 3.6791000000, 3.6944250000, 3.7121500000
3.7236250000, 3.7313250000, 3.7381250000, 3.7444750000
3.7527500000, 3.7645500000, 3.7772500000, 3.7890500000
3.8017500000, 3.8146000000, 3.8267000000, 3.8366000000
3.8472750000, 3.8590750000, 3.8702500000, 3.8822000000
3.8935250000, 3.9066500000, 3.9173750000, 3.9271250000
3.9362750000, 3.9455750000, 3.9547250000, 3.9640250000
3.9733250000, 3.9829250000, 3.9925250000, 4.0029500000
4.0125500000, 4.0229250000, 4.0341000000, 4.0443250000
4.0558000000, 4.0679250000, 4.0815250000, 4.0970250000
4.1151500000, 4.1311000000, 4.1461500000, 4.1599250000
4.1736000000, 4.1866250000, 4.1994750000, 4.2115750000
4.2235250000, 4.2357750000, 4.2481750000, 4.2604000000
4.2713750000, 4.2831750000, 4.2948250000, 4.3054750000
4.3165250000, 4.3276250000, 4.3383500000, 4.3479750000
4.3572750000, 4.3665750000, 4.3764750000, 4.3856250000
4.3944750000, 4.4030250000, 4.4111000000, 4.4198750000
4.4294000000, 4.4391500000, 4.4527750000, 4.4804750000
origin_ocv_table_end
temp_break_points_table_start
4=col
0x57b4fd9b=crc
10.0, 20.0, 30.0, 40.0
temp_break_points_table_end
max_limit_list_table_start
12=col
0xb0b0141f=crc
4.6, 46.0, 5.5, 1.0, 0.0, 0.0, 0.0, 0.0, 9.6, 9.1, 9.1, 9.1
max_limit_list_table_end
min_limit_list_table_start
12=col
0x46e46716=crc
2.9, 18.0, 0.5, 0.0, 0.0, 0.0, 0.0, 0.0, -9.6, 1.0, 1.0, 1.0
min_limit_list_table_end
initial_charge_current_table_start
6=col
0x0=crc
0.0, 0.0, 0.0, 0.0, 0.0, 0.0
initial_charge_current_table_end
max_voltage_table_start
4=col
0xffeda15=crc
4.45, 4.50, 4.55, 4.58
max_voltage_table_end
controller_parameters_table_start
4=col
0xac0896cc=crc
3.0, 3.0, 6.0, 6.0
controller_parameters_table_end
soc_bp_3_table_start
4=col
0x2b0850b4=crc
0.0, 0.33333333333333331, 0.8, 1.0
soc_bp_3_table_end
battery_property_table_start
4=col
0x75160833=crc
2, 2, 1, 2
battery_property_table_end
cathode_ocv_table_start
4=col
0x28a86526=crc
3.8995000000, 3.8850000000, 3.8850000000, 3.8836000000
3.8826000000, 3.8839000000, 3.8856000000, 3.8883000000
3.8929000000, 3.8968000000, 3.8989000000, 3.9030000000
3.9052000000, 3.9084000000, 3.9096000000, 3.9094000000
3.9079000000, 3.9099000000, 3.9121000000, 3.9144000000
3.9176000000, 3.9217000000, 3.9261000000, 3.9306000000
3.9359000000, 3.9392000000, 3.9412000000, 3.9378000000
3.9313000000, 3.9300000000, 3.9412000000, 3.9498000000
3.9545000000, 3.9588000000, 3.9619000000, 3.9643000000
3.9655000000, 3.9688000000, 3.9753000000, 3.9819000000
3.9890000000, 3.9967000000, 4.0036000000, 4.0105000000
4.0178000000, 4.0244000000, 4.0312000000, 4.0378000000
4.0439000000, 4.0502000000, 4.0562000000, 4.0635000000
4.0702000000, 4.0771000000, 4.0835000000, 4.0912000000
4.0990000000, 4.1081000000, 4.1161000000, 4.1246000000
4.1325000000, 4.1416000000, 4.1502000000, 4.1587000000
4.1671000000, 4.1754000000, 4.1854000000, 4.1940000000
4.2042000000, 4.2157000000, 4.2268000000, 4.2403000000
4.2532000000, 4.2653000000, 4.2770000000, 4.2893000000
4.2994000000, 4.3109000000, 4.3219000000, 4.3331000000
4.3433000000, 4.3529000000, 4.3627000000, 4.3732000000
4.3845000000, 4.3953000000, 4.4056000000, 4.4160000000
4.4266000000, 4.4372000000, 4.4487000000, 4.4586000000
4.4698000000, 4.4802000000, 4.4914000000, 4.5021000000
4.5137000000, 4.5258000000, 4.5385000000, 4.5533000000
4.5678000000, 3.8949000000, 3.8895000000, 3.8896000000
3.8902333330, 3.8887333330, 3.8897666670, 3.8901333330
3.8906666670, 3.8930000000, 3.8956333330, 3.8980000000
3.9016000000, 3.9035000000, 3.9073000000, 3.9090333330
3.9113000000, 3.9118000000, 3.9140333330, 3.9164333330
3.9189333330, 3.9223333330, 3.9259666670, 3.9300666670
3.9349333330, 3.9396666670, 3.9446666670, 3.9490000000
3.9529000000, 3.9581333330, 3.9619666670, 3.9676666670
3.9744666670, 3.9765333330, 3.9779333330, 3.9797333330
3.9825333330, 3.9857333330, 3.9921333330, 4.0003333330
4.0060333330, 4.0113333330, 4.0183333330, 4.0244333330
4.0301000000, 4.0354000000, 4.0415666670, 4.0486333330
4.0554333330, 4.0620000000, 4.0684666670, 4.0749666670
4.0817666670, 4.0885333330, 4.0951333330, 4.1020000000
4.1092000000, 4.1168000000, 4.1250000000, 4.1336000000
4.1413000000, 4.1496000000, 4.1587000000, 4.1673666670
4.1767666670, 4.1861333330, 4.1949333330, 4.2059666670
4.2168666670, 4.2293000000, 4.2428000000, 4.2551666670
4.2682666670, 4.2802666670, 4.2915666670, 4.3025666670
4.3134666670, 4.3242666670, 4.3352666670, 4.3458666670
4.3570666670, 4.3676000000, 4.3785666670, 4.3892666670
4.3998333330, 4.4106666670, 4.4211666670, 4.4317666670
4.4414000000, 4.4518666670, 4.4615666670, 4.4716000000
4.4815000000, 4.4909000000, 4.5002000000, 4.5087333330
4.5164666670, 4.5241666670, 4.5293666670, 4.5326000000
4.5306333330, 4.5216666670, 3.8858000000, 3.8858750000
3.8871250000, 3.8884750000, 3.8879500000, 3.8891000000
3.8891750000, 3.8896000000, 3.8912250000, 3.8934250000
3.8962000000, 3.8989250000, 3.9011500000, 3.9046250000
3.9065500000, 3.9096250000, 3.9114500000, 3.9135750000
3.9164250000, 3.9189750000, 3.9222000000, 3.9254500000
3.9293000000, 3.9340000000, 3.9380000000, 3.9427250000
3.9466250000, 3.9501250000, 3.9553000000, 3.9591250000
3.9643000000, 3.9723750000, 3.9762500000, 3.9776750000
3.9792750000, 3.9821750000, 3.9855250000, 3.9918500000
4.0004500000, 4.0066500000, 4.0114500000, 4.0182500000
4.0250000000, 4.0309000000, 4.0355000000, 4.0419250000
4.0496250000, 4.0570500000, 4.0648000000, 4.0720750000
4.0800500000, 4.0872250000, 4.0942750000, 4.1010250000
4.1083250000, 4.1155750000, 4.1232750000, 4.1311750000
4.1400750000, 4.1478750000, 4.1566500000, 4.1657500000
4.1746750000, 4.1847000000, 4.1943750000, 4.2040000000
4.2155750000, 4.2278750000, 4.2419750000, 4.2575500000
4.2715000000, 4.2848500000, 4.2966750000, 4.3078000000
4.3182750000, 4.3284250000, 4.3389250000, 4.3492750000
4.3596250000, 4.3706250000, 4.3812000000, 4.3920250000
4.4029250000, 4.4133750000, 4.4235250000, 4.4335750000
4.4439750000, 4.4531500000, 4.4628250000, 4.4715250000
4.4803250000, 4.4897250000, 4.4980750000, 4.5067250000
4.5142750000, 4.5213000000, 4.5286250000, 4.5335000000
4.5359500000, 4.5317250000, 4.5142250000, 3.8758000000
3.8758250000, 3.8770750000, 3.8774250000, 3.8771500000
3.8774000000, 3.8770250000, 3.8772000000, 3.8781750000
3.8795750000, 3.8818000000, 3.8836750000, 3.8863500000
3.8891750000, 3.8911500000, 3.8936750000, 3.8962500000
3.8983250000, 3.9011750000, 3.9031250000, 3.9055000000
3.9086500000, 3.9126000000, 3.9171000000, 3.9217000000
3.9263750000, 3.9309750000, 3.9345750000, 3.9392000000
3.9433750000, 3.9490000000, 3.9546250000, 3.9597500000
3.9627250000, 3.9659250000, 3.9698250000, 3.9737750000
3.9794500000, 3.9867500000, 3.9917500000, 3.9964500000
4.0024500000, 4.0085000000, 4.0145000000, 4.0193000000
4.0255750000, 4.0332750000, 4.0404500000, 4.0485000000
4.0563250000, 4.0663500000, 4.0743750000, 4.0818250000
4.0888750000, 4.0964750000, 4.1041250000, 4.1121250000
4.1204250000, 4.1290250000, 4.1378250000, 4.1473500000
4.1561500000, 4.1657250000, 4.1760000000, 4.1854250000
4.1959000000, 4.2069250000, 4.2193250000, 4.2333250000
4.2497500000, 4.2635000000, 4.2758500000, 4.2867250000
4.2976000000, 4.3081250000, 4.3187750000, 4.3291750000
4.3397250000, 4.3507750000, 4.3621750000, 4.3735000000
4.3836750000, 4.3947750000, 4.4058250000, 4.4158750000
4.4264250000, 4.4370250000, 4.4471500000, 4.4562750000
4.4650750000, 4.4738750000, 4.4832750000, 4.4918250000
4.4999750000, 4.5076250000, 4.5145000000, 4.5209750000
4.5259000000, 4.5258500000, 4.5199750000, 4.5038750000
cathode_ocv_table_end
si_anode_soc_table_start
4=col
0xfdce5f1=crc
1.0000000000, 0.9999750000, 0.9999600000, 0.9999450000
0.9999300000, 0.9999150000, 0.9999000000, 0.9998850000
0.9998700000, 0.9998550000, 0.9998400000, 0.9998250000
0.9998100000, 0.9997950000, 0.9997800000, 0.9997650000
0.9997568090, 0.9988061550, 0.9973359570, 0.9953904320
0.9929474710, 0.9899075880, 0.9861602410, 0.9813516980
0.9746197380, 0.9666718250, 0.9580053940, 0.9488304740
0.9380637600, 0.9270649100, 0.9151264590, 0.9019057300
0.8878448890, 0.8715068980, 0.8543509020, 0.8347740540
0.8139370360, 0.7931442340, 0.7706933140, 0.7481097450
0.7266979130, 0.7069110360, 0.6863614260, 0.6669835510
0.6489542800, 0.6307149810, 0.6128294130, 0.5954854970
0.5781084190, 0.5610076940, 0.5434537500, 0.5256676690
0.5079479130, 0.4897859920, 0.4712482310, 0.4532521220
0.4356429080, 0.4180447470, 0.4011651040, 0.3842854620
0.3687323130, 0.3536655470, 0.3393394060, 0.3252785640
0.3125994870, 0.2994561370, 0.2874955780, 0.2756345070
0.2641492750, 0.2536146980, 0.2425716310, 0.2321144320
0.2222099400, 0.2115427130, 0.2016934910, 0.1919216480
0.1818292360, 0.1722232050, 0.1628050940, 0.1527016270
0.1433387870, 0.1339206760, 0.1246683760, 0.1152723740
0.1062853730, 0.0977626460, 0.0888088080, 0.0806066500
0.0726034670, 0.0650866640, 0.0574040500, 0.0503515210
0.0434758580, 0.0372855500, 0.0312610540, 0.0252365580
0.0196210650, 0.0142708700, 0.0091749200, 0.0043663780
0.0000000000, 1.0000000000, 0.9999900000, 0.9999700000
0.9999500000, 0.9999300000, 0.9999100000, 0.9998900000
0.9998727520, 0.9988645600, 0.9970928810, 0.9949688240
0.9926783670, 0.9901627790, 0.9873241780, 0.9841919290
0.9807170890, 0.9768702960, 0.9725732410, 0.9677671960
0.9624717360, 0.9565008860, 0.9498448560, 0.9425134340
0.9345261980, 0.9254035220, 0.9153901120, 0.9042902030
0.8917905700, 0.8780282490, 0.8621516600, 0.8445425450
0.8248681030, 0.8021495060, 0.7781094920, 0.7528850950
0.7273572620, 0.7021035010, 0.6783277700, 0.6552274310
0.6335757560, 0.6136761840, 0.5950588770, 0.5770484420
0.5600657770, 0.5437585040, 0.5276078420, 0.5117801940
0.4955022860, 0.4797431560, 0.4637882600, 0.4477354820
0.4321525410, 0.4166185410, 0.4013488250, 0.3862552980
0.3719741980, 0.3578203460, 0.3445082860, 0.3312941080
0.3188629930, 0.3066080670, 0.2950187450, 0.2837915880
0.2726525260, 0.2621399140, 0.2516860310, 0.2414768560
0.2316396350, 0.2216751660, 0.2119358280, 0.2025586560
0.1928682600, 0.1833246870, 0.1741334930, 0.1646094970
0.1551931720, 0.1459921890, 0.1367716300, 0.1277468360
0.1190156910, 0.1103139100, 0.1019449310, 0.0940555780
0.0862445310, 0.0788445910, 0.0717872420, 0.0651312120
0.0587981950, 0.0527294620, 0.0470522600, 0.0417274360
0.0366766830, 0.0317433900, 0.0270841690, 0.0226892320
0.0185487900, 0.0145062300, 0.0106790130, 0.0069790430
0.0033867450, 0.0000000000, 1.0000000000, 0.9999000000
0.9997000000, 0.9995000000, 0.9993000000, 0.9989500330
0.9970469670, 0.9948064120, 0.9924252370, 0.9898753160
0.9870816540, 0.9840348740, 0.9806506050, 0.9770319680
0.9731039660, 0.9687916000, 0.9641417460, 0.9589669070
0.9532764600, 0.9470141560, 0.9400018750, 0.9323614890
0.9237836320, 0.9142214310, 0.9035248900, 0.8915627640
0.8779131900, 0.8623324270, 0.8444361110, 0.8236617610
0.7998875040, 0.7738914410, 0.7463673010, 0.7194712670
0.6938126930, 0.6697946940, 0.6473985190, 0.6268866600
0.6074435170, 0.5893784570, 0.5723446140, 0.5559576260
0.5402081180, 0.5246929780, 0.5093465830, 0.4941970560
0.4788037870, 0.4632511480, 0.4480922470, 0.4326802290
0.4172400860, 0.4022311800, 0.3877660070, 0.3732820850
0.3595293900, 0.3461891820, 0.3332520860, 0.3207181030
0.3087372270, 0.2970657170, 0.2858160680, 0.2749976560
0.2644229870, 0.2538670670, 0.2437423830, 0.2337583200
0.2238398800, 0.2141183090, 0.2043779880, 0.1948251620
0.1851504640, 0.1756632610, 0.1661104340, 0.1568950970
0.1475297650, 0.1382394300, 0.1292022120, 0.1203899880
0.1118590040, 0.1035905130, 0.0956782600, 0.0880847470
0.0809599700, 0.0741633070, 0.0677791320, 0.0616855720
0.0559857500, 0.0506234180, 0.0455517020, 0.0407424770
0.0362144930, 0.0319021280, 0.0277022590, 0.0237555080
0.0199587510, 0.0163682380, 0.0128339740, 0.0094590790
0.0061404330, 0.0029999060, 0.0000000000, 1.0000000000
0.9999000000, 0.9998000000, 0.9997000000, 0.9996301540
0.9982139150, 0.9961662320, 0.9938118480, 0.9913492160
0.9886791090, 0.9857023010, 0.9823285850, 0.9787203330
0.9750038340, 0.9710076950, 0.9666326890, 0.9618156720
0.9564754590, 0.9505849880, 0.9440811140, 0.9368465680
0.9288001660, 0.9198517010, 0.9095501410, 0.8980127550
0.8849959860, 0.8701570490, 0.8529998110, 0.8334430840
0.8109636740, 0.7862471470, 0.7606646400, 0.7341079050
0.7082547790, 0.6834931490, 0.6598410560, 0.6381013380
0.6178049200, 0.5983925240, 0.5803963660, 0.5633293340
0.5470290550, 0.5308911480, 0.5151952520, 0.4996617260
0.4840560360, 0.4684323050, 0.4526462020, 0.4370946350
0.4215791520, 0.4061628950, 0.3911886480, 0.3768909500
0.3626654160, 0.3489630790, 0.3359012060, 0.3232723240
0.3111125140, 0.2991872410, 0.2878122270, 0.2767439130
0.2660454460, 0.2554732670, 0.2449552130, 0.2347258180
0.2247038980, 0.2147090400, 0.2047322230, 0.1949448390
0.1851574550, 0.1753700710, 0.1656458320, 0.1560929850
0.1466303440, 0.1373300740, 0.1281380520, 0.1191895870
0.1106109670, 0.1024021940, 0.0946083690, 0.0871483080
0.0801753610, 0.0735903010, 0.0674111690, 0.0616199250
0.0561534230, 0.0510116640, 0.0462036680, 0.0416662910
0.0373905120, 0.0333402490, 0.0294162750, 0.0256276100
0.0220193580, 0.0185734780, 0.0152719270, 0.0120425410
0.0089033620, 0.0057912450, 0.0028144370, 0.0000000000
si_anode_soc_table_end
gr_anode_soc_table_start
4=col
0xcea30789=crc
1.0000000000, 0.9999900000, 0.9999680000, 0.9999600000
0.9999300000, 0.9999000000, 0.9998000000, 0.9997000000
0.9996000000, 0.9995000000, 0.9994000000, 0.9993000000
0.9992000000, 0.9991000000, 0.9990000000, 0.9989000000
0.9988000000, 0.9987000000, 0.9986000000, 0.9984000000
0.9982000000, 0.9980000000, 0.3931289250, 0.3198867130
0.2738332720, 0.2406600170, 0.2134466200, 0.1916266470
0.1742888810, 0.1572466450, 0.1369289500, 0.1123999510
0.0911710380, 0.0790789310, 0.0705578130, 0.0638345030
0.0582933140, 0.0538111070, 0.0500043980, 0.0467553260
0.0439245300, 0.0413988430, 0.0391577390, 0.0371136560
0.0352665930, 0.0335356310, 0.0319172520, 0.0303965030
0.0290112060, 0.0276566930, 0.0263799510, 0.0251939420
0.0240258940, 0.0229461220, 0.0218842190, 0.0208860980
0.0199157740, 0.0190042270, 0.0181185490, 0.0172664310
0.0164511760, 0.0156448240, 0.0148934860, 0.0141666130
0.0134466200, 0.0127652590, 0.0121207280, 0.0114796600
0.0108683090, 0.0102907800, 0.0097313020, 0.0091680000
0.0086437320, 0.0081455490, 0.0076640810, 0.0071728830
0.0067287830, 0.0062961350, 0.0058825780, 0.0054785770
0.0050686490, 0.0047004450, 0.0043410580, 0.0039966930
0.0036653940, 0.0033473710, 0.0030424450, 0.0027312500
0.0024479740, 0.0021842700, 0.0019349100, 0.0016992980
0.0014763540, 0.0012689650, 0.0010743510, 0.0008858820
0.0007016180, 0.0005292500, 0.0003747240, 0.0002273310
0.0000874349, 1.0000000000, 0.9995000000, 0.9990000000
0.9985000000, 0.9980000000, 0.9970000000, 0.9960000000
0.9950000000, 0.9940000000, 0.9930000000, 0.9920000000
0.9910000000, 0.9900000000, 0.9899724090, 0.6810525880
0.6135362190, 0.5734052630, 0.5133426680, 0.3605608860
0.2776839760, 0.2325495200, 0.2012930860, 0.1793641640
0.1622740190, 0.1469958410, 0.1338384880, 0.1222254250
0.0914631640, 0.0647366470, 0.0538236630, 0.0484907140
0.0450726850, 0.0424576860, 0.0402544990, 0.0383189890
0.0365482020, 0.0349009600, 0.0333360790, 0.0318741510
0.0304534040, 0.0291150190, 0.0278178150, 0.0265823830
0.0253881320, 0.0242350620, 0.0231437630, 0.0220730550
0.0210641190, 0.0200963640, 0.0191491990, 0.0182432150
0.0173784130, 0.0165342010, 0.0157311700, 0.0149487300
0.0142074700, 0.0135073920, 0.0128073140, 0.0121484170
0.0115101100, 0.0109129840, 0.0102952680, 0.0097599140
0.0092039700, 0.0086892060, 0.0081538520, 0.0077008610
0.0072272780, 0.0067742870, 0.0063624760, 0.0059712560
0.0055594450, 0.0051888150, 0.0048387760, 0.0044681460
0.0041386980, 0.0038298400, 0.0035415720, 0.0032533050
0.0029856280, 0.0027179510, 0.0024914550, 0.0022649590
0.0020590540, 0.0018531480, 0.0016884240, 0.0015442900
0.0014001560, 0.0012560230, 0.0011118890, 0.0009883460
0.0008648030, 0.0007618500, 0.0006383070, 0.0005353540
0.0004324010, 0.0003120000, 0.0002470860, 0.0001441340
0.0000617716, 0.0000000000, 1.0000000000, 0.9998000000
0.9994000000, 0.9992000000, 0.9990000000, 0.9989492830
0.9962618710, 0.9931097190, 0.9894726210, 0.9847443930
0.9778137000, 0.9661264900, 0.8930551630, 0.6119620130
0.5666801370, 0.5371388160, 0.4302889470, 0.2957567190
0.2434229140, 0.2141846840, 0.1887249950, 0.1689230150
0.1546777130, 0.1406950900, 0.1285108100, 0.1181248740
0.0807839970, 0.0577692460, 0.0499090730, 0.0462921800
0.0438068300, 0.0417458070, 0.0398464340, 0.0381087090
0.0364316020, 0.0348757320, 0.0333400690, 0.0319256420
0.0305314200, 0.0291978180, 0.0279248330, 0.0267124670
0.0255405130, 0.0244089720, 0.0232976360, 0.0222873310
0.0212568200, 0.0202869270, 0.0193574460, 0.0184481710
0.0175995150, 0.0167710650, 0.0159830270, 0.0152151950
0.0144473630, 0.0137401500, 0.0130531420, 0.0124065470
0.0117801580, 0.0111537680, 0.0105677910, 0.0100222270
0.0094564560, 0.0089513030, 0.0084259450, 0.0079814100
0.0074964640, 0.0070721360, 0.0066478080, 0.0062234790
0.0058193570, 0.0054556480, 0.0050919380, 0.0047484340
0.0044049300, 0.0040816330, 0.0037785410, 0.0034956560
0.0032127700, 0.0029500910, 0.0027076180, 0.0024651440
0.0022832900, 0.0020812290, 0.0018791680, 0.0016973130
0.0015558700, 0.0014144270, 0.0012729840, 0.0011315420
0.0010305110, 0.0008890680, 0.0007678320, 0.0006465950
0.0005657710, 0.0004647400, 0.0003200000, 0.0002626790
0.0001818550, 0.0000808244, 0.0000000000, 1.0000000000
0.9998000000, 0.9996000000, 0.9994666670, 0.9993900870
0.9973679820, 0.9943148600, 0.9911344820, 0.9874190740
0.9827314810, 0.9761895870, 0.9655314870, 0.7488688130
0.5971309370, 0.5568820950, 0.5338698140, 0.4559780500
0.3392371940, 0.2735295100, 0.2477971510, 0.2266294290
0.1969067420, 0.1749135910, 0.1570183990, 0.1442862120
0.1300791290, 0.1105379120, 0.0977219540, 0.0672641920
0.0560325630, 0.0506682130, 0.0474505050, 0.0450749310
0.0431404510, 0.0413782960, 0.0396842110, 0.0381351510
0.0365297000, 0.0350139580, 0.0336013970, 0.0322505280
0.0309198650, 0.0296718180, 0.0284372420, 0.0271679140
0.0259599210, 0.0247313640, 0.0235506700, 0.0225079080
0.0214303950, 0.0204145740, 0.0194469760, 0.0185481650
0.0176975750, 0.0168331570, 0.0160166030, 0.0152206130
0.0144519220, 0.0137176250, 0.0129971570, 0.0123593050
0.0117210940, 0.0110623190, 0.0104928950, 0.0099167350
0.0093813460, 0.0088324870, 0.0083314910, 0.0078581530
0.0073986440, 0.0069182130, 0.0064927390, 0.0060949230
0.0056900130, 0.0053127620, 0.0049422460, 0.0045784650
0.0042352480, 0.0039196900, 0.0036246960, 0.0033226080
0.0030343490, 0.0027801250, 0.0025191660, 0.0022858650
0.0020592990, 0.0018600330, 0.0016607670, 0.0015029870
0.0013175500, 0.0011732420, 0.0010292910, 0.0008920760
0.0007548610, 0.0006449460, 0.0005282950, 0.0003442370
0.0003088230, 0.0002127370, 0.0000960863, 0.0000000000
gr_anode_soc_table_end
anode_soc_table_start
4=col
0x70bcf157=crc
1.0000000000, 0.9999853650, 0.9999655280, 0.9999553650
0.9999300000, 0.9999046350, 0.9998309001, 0.9997571651
0.9996834302, 0.9996096953, 0.9995359603, 0.9994622254
0.9993884905, 0.9993147555, 0.9992410206, 0.9991672857
0.9990956547, 0.9987328020, 0.9982094097, 0.9974700412
0.9965769645, 0.9954994385, 0.5763760561, 0.5242799002
0.4903768270, 0.4649982220, 0.4435158517, 0.4256032098
0.4102959039, 0.3951210788, 0.3773925766, 0.3563578417
0.3373438684, 0.3239397800, 0.3127504781, 0.3020554150
0.2917878031, 0.2822656098, 0.2726978253, 0.2634743789
0.2549020286, 0.2470426206, 0.2391441742, 0.2317439362
0.2248965585, 0.2180645078, 0.2114195549, 0.2050094352
0.1986826656, 0.1924625610, 0.1861561511, 0.1798407072
0.1735581687, 0.1671999996, 0.1607380431, 0.1544875307
0.1483757770, 0.1423080535, 0.1364802280, 0.1306755928
0.1253063173, 0.1200934864, 0.1151475239, 0.1103004443
0.1058850851, 0.1013529600, 0.0972117677, 0.0931037101
0.0891323216, 0.0854780571, 0.0816791421, 0.0780586183
0.0746358539, 0.0709954285, 0.0676193174, 0.0642603930
0.0608349572, 0.0575677268, 0.0543717557, 0.0509706123
0.0477942276, 0.0446295954, 0.0415222915, 0.0383809637
0.0353750461, 0.0325217633, 0.0295443169, 0.0267948083
0.0241260751, 0.0216211579, 0.0190749168, 0.0167328722
0.0144542329, 0.0123981174, 0.0104020654, 0.0084102595
0.0065477416, 0.0047754211, 0.0030939913, 0.0015062997
0.0000604174, 1.0000000000, 0.9996593844, 0.9993155160
0.9989716477, 0.9986277793, 0.9979465481, 0.9972653169
0.9965849809, 0.9955823162, 0.9943313089, 0.9929656821
0.9915459296, 0.9900529478, 0.9891110076, 0.7796560169
0.7329707097, 0.7046420585, 0.6627185590, 0.5580694773
0.5004278171, 0.4680322746, 0.4447777191, 0.4275969883
0.4134677854, 0.4001918339, 0.3880571246, 0.3766109774
0.3517890795, 0.3292794819, 0.3167519649, 0.3074258949
0.2987200730, 0.2895658908, 0.2802597457, 0.2707489599
0.2612506171, 0.2519247817, 0.2431352827, 0.2346349362
0.2266335888, 0.2192577272, 0.2123267393, 0.2056348304
0.1993050145, 0.1932226721, 0.1872329498, 0.1813621888
0.1753866491, 0.1696076403, 0.1637788465, 0.1579460001
0.1522937661, 0.1466713440, 0.1411626725, 0.1357252041
0.1305797825, 0.1255035379, 0.1207011067, 0.1159582998
0.1114840957, 0.1070949873, 0.1029084901, 0.0988953677
0.0948970076, 0.0911302009, 0.0873686046, 0.0837421779
0.0802228444, 0.0766760143, 0.0732301987, 0.0699160797
0.0664861837, 0.0631318313, 0.0599059921, 0.0565580076
0.0532728323, 0.0500715948, 0.0468778823, 0.0437478478
0.0407272224, 0.0377161484, 0.0348411121, 0.0321220859
0.0294424239, 0.0268964837, 0.0244897661, 0.0222274799
0.0200702614, 0.0179990085, 0.0160551098, 0.0142397239
0.0125134862, 0.0108393479, 0.0092404655, 0.0077414406
0.0063251963, 0.0049290178, 0.0036403235, 0.0023673541
0.0011432999, 0.0000000000, 1.0000000000, 0.9998329033
0.9994987099, 0.9992987099, 0.9990987099, 0.9989495298
0.9965201936, 0.9936679872, 0.9904441295, 0.9864326367
0.9808631640, 0.9720189418, 0.9218769663, 0.7320821267
0.7004070457, 0.6791668870, 0.6059442098, 0.5139748497
0.4769882553, 0.4553098664, 0.4359199859, 0.4201195734
0.4077390486, 0.3952108910, 0.3835161264, 0.3726115717
0.3430659185, 0.3224971959, 0.3113347992, 0.3020725343
0.2925824284, 0.2826459840, 0.2723152134, 0.2622995710
0.2527317666, 0.2437851118, 0.2353856490, 0.2276875340
0.2203546189, 0.2135158127, 0.2070569831, 0.2008516636
0.1948832112, 0.1890189895, 0.1832238473, 0.1775612697
0.1718049353, 0.1660368356, 0.1604254039, 0.1547442458
0.1490945070, 0.1436002170, 0.1383119484, 0.1330310682
0.1279907860, 0.1231268989, 0.1184092060, 0.1138512664
0.1094888749, 0.1052282744, 0.1011335959, 0.0972079245
0.0933488943, 0.0895367059, 0.0858528515, 0.0822694957
0.0786806175, 0.0751971885, 0.0717075900, 0.0682796830
0.0648252343, 0.0614595934, 0.0580723594, 0.0548097283
0.0514977439, 0.0482239942, 0.0450470853, 0.0419577651
0.0389609815, 0.0360641251, 0.0332980403, 0.0306368308
0.0281705251, 0.0257986215, 0.0235624401, 0.0214354382
0.0194651043, 0.0176058158, 0.0158421496, 0.0141648523
0.0126072071, 0.0110933925, 0.0096301511, 0.0082501932
0.0069467041, 0.0056975179, 0.0044375122, 0.0032885994
0.0021424246, 0.0010412990, 0.0000000000, 1.0000000000
0.9998339384, 0.9996678768, 0.9995458565, 0.9994715619
0.9976550781, 0.9949431859, 0.9920431370, 0.9887529011
0.9847500104, 0.9794180493, 0.9712321523, 0.8268767268
0.7253749286, 0.6974296716, 0.6807425824, 0.6276512138
0.5487179466, 0.5033112639, 0.4841047438, 0.4676657179
0.4452996139, 0.4277336198, 0.4124155845, 0.4000888938
0.3862857842, 0.3683404455, 0.3540511268, 0.3272930010
0.3122440558, 0.3003118878, 0.2895039262, 0.2789216546
0.2688695704, 0.2593017630, 0.2501554828, 0.2417540378
0.2338051728, 0.2262155939, 0.2191748264, 0.2124901442
0.2060790340, 0.1997776076, 0.1936350919, 0.1875247242
0.1814303841, 0.1753163363, 0.1691788011, 0.1632119837
0.1572344556, 0.1513313580, 0.1456101283, 0.1401639503
0.1347741191, 0.1295527176, 0.1245802990, 0.1197684156
0.1151337617, 0.1106014272, 0.1062649775, 0.1020871942
0.0980346939, 0.0940114688, 0.0900656396, 0.0862133267
0.0824583615, 0.0787036821, 0.0749867447, 0.0713523691
0.0677271292, 0.0640880678, 0.0605067423, 0.0570018559
0.0535228975, 0.0501173171, 0.0467529237, 0.0434756388
0.0403374583, 0.0373430700, 0.0345030932, 0.0317717041
0.0292147694, 0.0268119613, 0.0245424695, 0.0224228919
0.0204179758, 0.0185413071, 0.0167779121, 0.0151337672
0.0135601339, 0.0120902075, 0.0106633774, 0.0092869189
0.0079716897, 0.0067296018, 0.0055320469, 0.0043144535
0.0032256715, 0.0021059930, 0.0010186509, 0.0000000000
anode_soc_table_end
fresh_anode_ocv_table_start
4=col
0x27ff024c=crc
0.8995000000, 0.8611000000, 0.8264000000, 0.7940000000
0.7626000000, 0.7317000000, 0.7017000000, 0.6734000000
0.6470000000, 0.6224000000, 0.5997000000, 0.5784000000
0.5583000000, 0.5392000000, 0.5205000000, 0.5023000000
0.4841000000, 0.4662000000, 0.4486000000, 0.4317000000
0.4157000000, 0.4005000000, 0.3863000000, 0.3729000000
0.3602000000, 0.3474000000, 0.3332000000, 0.3150000000
0.2923000000, 0.2731000000, 0.2619000000, 0.2557000000
0.2517000000, 0.2485000000, 0.2454000000, 0.2410000000
0.2348000000, 0.2275000000, 0.2210000000, 0.2152000000
0.2099000000, 0.2052000000, 0.2009000000, 0.1973000000
0.1941000000, 0.1914000000, 0.1889000000, 0.1868000000
0.1848000000, 0.1831000000, 0.1816000000, 0.1802000000
0.1789000000, 0.1777000000, 0.1767000000, 0.1757000000
0.1748000000, 0.1740000000, 0.1733000000, 0.1725000000
0.1717000000, 0.1709000000, 0.1702000000, 0.1694000000
0.1685000000, 0.1675000000, 0.1664000000, 0.1650000000
0.1635000000, 0.1619000000, 0.1600000000, 0.1580000000
0.1560000000, 0.1539000000, 0.1519000000, 0.1500000000
0.1483000000, 0.1468000000, 0.1454000000, 0.1442000000
0.1432000000, 0.1423000000, 0.1415000000, 0.1409000000
0.1404000000, 0.1400000000, 0.1398000000, 0.1396000000
0.1397000000, 0.1398000000, 0.1401000000, 0.1407000000
0.1414000000, 0.1425000000, 0.1437000000, 0.1451000000
0.1468000000, 0.1484000000, 0.1493000000, 0.1473000000
0.1166000000, 0.8949000000, 0.8462000000, 0.8062000000
0.7721000000, 0.7406000000, 0.7111000000, 0.6827000000
0.6551000000, 0.6285000000, 0.6035000000, 0.5802000000
0.5588000000, 0.5388000000, 0.5203000000, 0.5026000000
0.4856000000, 0.4690000000, 0.4526000000, 0.4360000000
0.4197000000, 0.4039000000, 0.3887000000, 0.3746000000
0.3615000000, 0.3495000000, 0.3384000000, 0.3278000000
0.3177000000, 0.3076000000, 0.2968000000, 0.2851000000
0.2733000000, 0.2638000000, 0.2569000000, 0.2521000000
0.2481000000, 0.2443000000, 0.2401000000, 0.2349000000
0.2286000000, 0.2219000000, 0.2157000000, 0.2098000000
0.2045000000, 0.1997000000, 0.1953000000, 0.1914000000
0.1879000000, 0.1847000000, 0.1819000000, 0.1793000000
0.1770000000, 0.1749000000, 0.1730000000, 0.1712000000
0.1697000000, 0.1682000000, 0.1669000000, 0.1656000000
0.1644000000, 0.1632000000, 0.1620000000, 0.1609000000
0.1598000000, 0.1586000000, 0.1573000000, 0.1559000000
0.1544000000, 0.1526000000, 0.1506000000, 0.1483000000
0.1459000000, 0.1434000000, 0.1409000000, 0.1386000000
0.1365000000, 0.1347000000, 0.1331000000, 0.1317000000
0.1305000000, 0.1295000000, 0.1287000000, 0.1280000000
0.1274000000, 0.1269000000, 0.1266000000, 0.1263000000
0.1262000000, 0.1261000000, 0.1261000000, 0.1262000000
0.1264000000, 0.1265000000, 0.1265000000, 0.1263000000
0.1256000000, 0.1238000000, 0.1201000000, 0.1120000000
0.0953000000, 0.0494000000, 0.8858000000, 0.8304000000
0.7876000000, 0.7525000000, 0.7222000000, 0.6944000000
0.6678000000, 0.6420000000, 0.6165000000, 0.5921000000
0.5691000000, 0.5475000000, 0.5277000000, 0.5092000000
0.4919000000, 0.4754000000, 0.4596000000, 0.4439000000
0.4283000000, 0.4127000000, 0.3972000000, 0.3820000000
0.3677000000, 0.3544000000, 0.3420000000, 0.3306000000
0.3199000000, 0.3098000000, 0.3004000000, 0.2912000000
0.2818000000, 0.2711000000, 0.2604000000, 0.2522000000
0.2467000000, 0.2428000000, 0.2395000000, 0.2360000000
0.2316000000, 0.2257000000, 0.2187000000, 0.2122000000
0.2064000000, 0.2008000000, 0.1955000000, 0.1909000000
0.1868000000, 0.1831000000, 0.1798000000, 0.1767000000
0.1737000000, 0.1711000000, 0.1687000000, 0.1666000000
0.1646000000, 0.1630000000, 0.1614000000, 0.1600000000
0.1587000000, 0.1575000000, 0.1562000000, 0.1551000000
0.1539000000, 0.1528000000, 0.1516000000, 0.1504000000
0.1492000000, 0.1479000000, 0.1465000000, 0.1449000000
0.1432000000, 0.1412000000, 0.1389000000, 0.1364000000
0.1338000000, 0.1314000000, 0.1292000000, 0.1273000000
0.1257000000, 0.1243000000, 0.1230000000, 0.1219000000
0.1210000000, 0.1201000000, 0.1193000000, 0.1186000000
0.1179000000, 0.1173000000, 0.1167000000, 0.1161000000
0.1156000000, 0.1151000000, 0.1146000000, 0.1141000000
0.1134000000, 0.1124000000, 0.1106000000, 0.1069000000
0.0987000000, 0.0808000000, 0.0322000000, 0.8758000000
0.8154000000, 0.7701000000, 0.7343000000, 0.7043000000
0.6771000000, 0.6513000000, 0.6262000000, 0.6016000000
0.5776000000, 0.5547000000, 0.5332000000, 0.5132000000
0.4947000000, 0.4774000000, 0.4610000000, 0.4453000000
0.4299000000, 0.4146000000, 0.3993000000, 0.3839000000
0.3689000000, 0.3544000000, 0.3409000000, 0.3285000000
0.3170000000, 0.3064000000, 0.2964000000, 0.2871000000
0.2782000000, 0.2699000000, 0.2602000000, 0.2476000000
0.2391000000, 0.2346000000, 0.2317000000, 0.2293000000
0.2267000000, 0.2222000000, 0.2145000000, 0.2074000000
0.2007000000, 0.1939000000, 0.1878000000, 0.1827000000
0.1783000000, 0.1742000000, 0.1702000000, 0.1663000000
0.1628000000, 0.1597000000, 0.1570000000, 0.1547000000
0.1526000000, 0.1509000000, 0.1494000000, 0.1481000000
0.1471000000, 0.1461000000, 0.1453000000, 0.1444000000
0.1436000000, 0.1428000000, 0.1419000000, 0.1411000000
0.1401000000, 0.1390000000, 0.1378000000, 0.1363000000
0.1346000000, 0.1324000000, 0.1297000000, 0.1268000000
0.1240000000, 0.1215000000, 0.1193000000, 0.1176000000
0.1162000000, 0.1150000000, 0.1140000000, 0.1131000000
0.1123000000, 0.1116000000, 0.1110000000, 0.1104000000
0.1099000000, 0.1094000000, 0.1088000000, 0.1083000000
0.1078000000, 0.1073000000, 0.1068000000, 0.1062000000
0.1055000000, 0.1046000000, 0.1034000000, 0.1011000000
0.0965000000, 0.0867000000, 0.0672000000, 0.0234000000
fresh_anode_ocv_table_end
