battery_property_table_start
6=col
0x830bf8d7=crc
2, 2, 1, 2, 0.9, 0.2
battery_property_table_end
si_anode_soc_table_start
4=col
0xfdce5f1=crc
1.0000000000, 0.9999750000, 0.9999600000, 0.9999450000
0.9999300000, 0.9999150000, 0.9999000000, 0.9998850000
0.9998700000, 0.9998550000, 0.9998400000, 0.9998250000
0.9998100000, 0.9997950000, 0.9997800000, 0.9997650000
0.9997568090, 0.9988061550, 0.9973359570, 0.9953904320
0.9929474710, 0.9899075880, 0.9861602410, 0.9813516980
0.9746197380, 0.9666718250, 0.9580053940, 0.9488304740
0.9380637600, 0.9270649100, 0.9151264590, 0.9019057300
0.8878448890, 0.8715068980, 0.8543509020, 0.8347740540
0.8139370360, 0.7931442340, 0.7706933140, 0.7481097450
0.7266979130, 0.7069110360, 0.6863614260, 0.6669835510
0.6489542800, 0.6307149810, 0.6128294130, 0.5954854970
0.5781084190, 0.5610076940, 0.5434537500, 0.5256676690
0.5079479130, 0.4897859920, 0.4712482310, 0.4532521220
0.4356429080, 0.4180447470, 0.4011651040, 0.3842854620
0.3687323130, 0.3536655470, 0.3393394060, 0.3252785640
0.3125994870, 0.2994561370, 0.2874955780, 0.2756345070
0.2641492750, 0.2536146980, 0.2425716310, 0.2321144320
0.2222099400, 0.2115427130, 0.2016934910, 0.1919216480
0.1818292360, 0.1722232050, 0.1628050940, 0.1527016270
0.1433387870, 0.1339206760, 0.1246683760, 0.1152723740
0.1062853730, 0.0977626460, 0.0888088080, 0.0806066500
0.0726034670, 0.0650866640, 0.0574040500, 0.0503515210
0.0434758580, 0.0372855500, 0.0312610540, 0.0252365580
0.0196210650, 0.0142708700, 0.0091749200, 0.0043663780
0.0000000000, 1.0000000000, 0.9999900000, 0.9999700000
0.9999500000, 0.9999300000, 0.9999100000, 0.9998900000
0.9998727520, 0.9988645600, 0.9970928810, 0.9949688240
0.9926783670, 0.9901627790, 0.9873241780, 0.9841919290
0.9807170890, 0.9768702960, 0.9725732410, 0.9677671960
0.9624717360, 0.9565008860, 0.9498448560, 0.9425134340
0.9345261980, 0.9254035220, 0.9153901120, 0.9042902030
0.8917905700, 0.8780282490, 0.8621516600, 0.8445425450
0.8248681030, 0.8021495060, 0.7781094920, 0.7528850950
0.7273572620, 0.7021035010, 0.6783277700, 0.6552274310
0.6335757560, 0.6136761840, 0.5950588770, 0.5770484420
0.5600657770, 0.5437585040, 0.5276078420, 0.5117801940
0.4955022860, 0.4797431560, 0.4637882600, 0.4477354820
0.4321525410, 0.4166185410, 0.4013488250, 0.3862552980
0.3719741980, 0.3578203460, 0.3445082860, 0.3312941080
0.3188629930, 0.3066080670, 0.2950187450, 0.2837915880
0.2726525260, 0.2621399140, 0.2516860310, 0.2414768560
0.2316396350, 0.2216751660, 0.2119358280, 0.2025586560
0.1928682600, 0.1833246870, 0.1741334930, 0.1646094970
0.1551931720, 0.1459921890, 0.1367716300, 0.1277468360
0.1190156910, 0.1103139100, 0.1019449310, 0.0940555780
0.0862445310, 0.0788445910, 0.0717872420, 0.0651312120
0.0587981950, 0.0527294620, 0.0470522600, 0.0417274360
0.0366766830, 0.0317433900, 0.0270841690, 0.0226892320
0.0185487900, 0.0145062300, 0.0106790130, 0.0069790430
0.0033867450, 0.0000000000, 1.0000000000, 0.9999000000
0.9997000000, 0.9995000000, 0.9993000000, 0.9989500330
0.9970469670, 0.9948064120, 0.9924252370, 0.9898753160
0.9870816540, 0.9840348740, 0.9806506050, 0.9770319680
0.9731039660, 0.9687916000, 0.9641417460, 0.9589669070
0.9532764600, 0.9470141560, 0.9400018750, 0.9323614890
0.9237836320, 0.9142214310, 0.9035248900, 0.8915627640
0.8779131900, 0.8623324270, 0.8444361110, 0.8236617610
0.7998875040, 0.7738914410, 0.7463673010, 0.7194712670
0.6938126930, 0.6697946940, 0.6473985190, 0.6268866600
0.6074435170, 0.5893784570, 0.5723446140, 0.5559576260
0.5402081180, 0.5246929780, 0.5093465830, 0.4941970560
0.4788037870, 0.4632511480, 0.4480922470, 0.4326802290
0.4172400860, 0.4022311800, 0.3877660070, 0.3732820850
0.3595293900, 0.3461891820, 0.3332520860, 0.3207181030
0.3087372270, 0.2970657170, 0.2858160680, 0.2749976560
0.2644229870, 0.2538670670, 0.2437423830, 0.2337583200
0.2238398800, 0.2141183090, 0.2043779880, 0.1948251620
0.1851504640, 0.1756632610, 0.1661104340, 0.1568950970
0.1475297650, 0.1382394300, 0.1292022120, 0.1203899880
0.1118590040, 0.1035905130, 0.0956782600, 0.0880847470
0.0809599700, 0.0741633070, 0.0677791320, 0.0616855720
0.0559857500, 0.0506234180, 0.0455517020, 0.0407424770
0.0362144930, 0.0319021280, 0.0277022590, 0.0237555080
0.0199587510, 0.0163682380, 0.0128339740, 0.0094590790
0.0061404330, 0.0029999060, 0.0000000000, 1.0000000000
0.9999000000, 0.9998000000, 0.9997000000, 0.9996301540
0.9982139150, 0.9961662320, 0.9938118480, 0.9913492160
0.9886791090, 0.9857023010, 0.9823285850, 0.9787203330
0.9750038340, 0.9710076950, 0.9666326890, 0.9618156720
0.9564754590, 0.9505849880, 0.9440811140, 0.9368465680
0.9288001660, 0.9198517010, 0.9095501410, 0.8980127550
0.8849959860, 0.8701570490, 0.8529998110, 0.8334430840
0.8109636740, 0.7862471470, 0.7606646400, 0.7341079050
0.7082547790, 0.6834931490, 0.6598410560, 0.6381013380
0.6178049200, 0.5983925240, 0.5803963660, 0.5633293340
0.5470290550, 0.5308911480, 0.5151952520, 0.4996617260
0.4840560360, 0.4684323050, 0.4526462020, 0.4370946350
0.4215791520, 0.4061628950, 0.3911886480, 0.3768909500
0.3626654160, 0.3489630790, 0.3359012060, 0.3232723240
0.3111125140, 0.2991872410, 0.2878122270, 0.2767439130
0.2660454460, 0.2554732670, 0.2449552130, 0.2347258180
0.2247038980, 0.2147090400, 0.2047322230, 0.1949448390
0.1851574550, 0.1753700710, 0.1656458320, 0.1560929850
0.1466303440, 0.1373300740, 0.1281380520, 0.1191895870
0.1106109670, 0.1024021940, 0.0946083690, 0.0871483080
0.0801753610, 0.0735903010, 0.0674111690, 0.0616199250
0.0561534230, 0.0510116640, 0.0462036680, 0.0416662910
0.0373905120, 0.0333402490, 0.0294162750, 0.0256276100
0.0220193580, 0.0185734780, 0.0152719270, 0.0120425410
0.0089033620, 0.0057912450, 0.0028144370, 0.0000000000
si_anode_soc_table_end
gr_anode_soc_table_start
4=col
0xcea30789=crc
1.0000000000, 0.9999900000, 0.9999680000, 0.9999600000
0.9999300000, 0.9999000000, 0.9998000000, 0.9997000000
0.9996000000, 0.9995000000, 0.9994000000, 0.9993000000
0.9992000000, 0.9991000000, 0.9990000000, 0.9989000000
0.9988000000, 0.9987000000, 0.9986000000, 0.9984000000
0.9982000000, 0.9980000000, 0.3931289250, 0.3198867130
0.2738332720, 0.2406600170, 0.2134466200, 0.1916266470
0.1742888810, 0.1572466450, 0.1369289500, 0.1123999510
0.0911710380, 0.0790789310, 0.0705578130, 0.0638345030
0.0582933140, 0.0538111070, 0.0500043980, 0.0467553260
0.0439245300, 0.0413988430, 0.0391577390, 0.0371136560
0.0352665930, 0.0335356310, 0.0319172520, 0.0303965030
0.0290112060, 0.0276566930, 0.0263799510, 0.0251939420
0.0240258940, 0.0229461220, 0.0218842190, 0.0208860980
0.0199157740, 0.0190042270, 0.0181185490, 0.0172664310
0.0164511760, 0.0156448240, 0.0148934860, 0.0141666130
0.0134466200, 0.0127652590, 0.0121207280, 0.0114796600
0.0108683090, 0.0102907800, 0.0097313020, 0.0091680000
0.0086437320, 0.0081455490, 0.0076640810, 0.0071728830
0.0067287830, 0.0062961350, 0.0058825780, 0.0054785770
0.0050686490, 0.0047004450, 0.0043410580, 0.0039966930
0.0036653940, 0.0033473710, 0.0030424450, 0.0027312500
0.0024479740, 0.0021842700, 0.0019349100, 0.0016992980
0.0014763540, 0.0012689650, 0.0010743510, 0.0008858820
0.0007016180, 0.0005292500, 0.0003747240, 0.0002273310
0.0000874349, 1.0000000000, 0.9995000000, 0.9990000000
0.9985000000, 0.9980000000, 0.9970000000, 0.9960000000
0.9950000000, 0.9940000000, 0.9930000000, 0.9920000000
0.9910000000, 0.9900000000, 0.9899724090, 0.6810525880
0.6135362190, 0.5734052630, 0.5133426680, 0.3605608860
0.2776839760, 0.2325495200, 0.2012930860, 0.1793641640
0.1622740190, 0.1469958410, 0.1338384880, 0.1222254250
0.0914631640, 0.0647366470, 0.0538236630, 0.0484907140
0.0450726850, 0.0424576860, 0.0402544990, 0.0383189890
0.0365482020, 0.0349009600, 0.0333360790, 0.0318741510
0.0304534040, 0.0291150190, 0.0278178150, 0.0265823830
0.0253881320, 0.0242350620, 0.0231437630, 0.0220730550
0.0210641190, 0.0200963640, 0.0191491990, 0.0182432150
0.0173784130, 0.0165342010, 0.0157311700, 0.0149487300
0.0142074700, 0.0135073920, 0.0128073140, 0.0121484170
0.0115101100, 0.0109129840, 0.0102952680, 0.0097599140
0.0092039700, 0.0086892060, 0.0081538520, 0.0077008610
0.0072272780, 0.0067742870, 0.0063624760, 0.0059712560
0.0055594450, 0.0051888150, 0.0048387760, 0.0044681460
0.0041386980, 0.0038298400, 0.0035415720, 0.0032533050
0.0029856280, 0.0027179510, 0.0024914550, 0.0022649590
0.0020590540, 0.0018531480, 0.0016884240, 0.0015442900
0.0014001560, 0.0012560230, 0.0011118890, 0.0009883460
0.0008648030, 0.0007618500, 0.0006383070, 0.0005353540
0.0004324010, 0.0003120000, 0.0002470860, 0.0001441340
0.0000617716, 0.0000000000, 1.0000000000, 0.9998000000
0.9994000000, 0.9992000000, 0.9990000000, 0.9989492830
0.9962618710, 0.9931097190, 0.9894726210, 0.9847443930
0.9778137000, 0.9661264900, 0.8930551630, 0.6119620130
0.5666801370, 0.5371388160, 0.4302889470, 0.2957567190
0.2434229140, 0.2141846840, 0.1887249950, 0.1689230150
0.1546777130, 0.1406950900, 0.1285108100, 0.1181248740
0.0807839970, 0.0577692460, 0.0499090730, 0.0462921800
0.0438068300, 0.0417458070, 0.0398464340, 0.0381087090
0.0364316020, 0.0348757320, 0.0333400690, 0.0319256420
0.0305314200, 0.0291978180, 0.0279248330, 0.0267124670
0.0255405130, 0.0244089720, 0.0232976360, 0.0222873310
0.0212568200, 0.0202869270, 0.0193574460, 0.0184481710
0.0175995150, 0.0167710650, 0.0159830270, 0.0152151950
0.0144473630, 0.0137401500, 0.0130531420, 0.0124065470
0.0117801580, 0.0111537680, 0.0105677910, 0.0100222270
0.0094564560, 0.0089513030, 0.0084259450, 0.0079814100
0.0074964640, 0.0070721360, 0.0066478080, 0.0062234790
0.0058193570, 0.0054556480, 0.0050919380, 0.0047484340
0.0044049300, 0.0040816330, 0.0037785410, 0.0034956560
0.0032127700, 0.0029500910, 0.0027076180, 0.0024651440
0.0022832900, 0.0020812290, 0.0018791680, 0.0016973130
0.0015558700, 0.0014144270, 0.0012729840, 0.0011315420
0.0010305110, 0.0008890680, 0.0007678320, 0.0006465950
0.0005657710, 0.0004647400, 0.0003200000, 0.0002626790
0.0001818550, 0.0000808244, 0.0000000000, 1.0000000000
0.9998000000, 0.9996000000, 0.9994666670, 0.9993900870
0.9973679820, 0.9943148600, 0.9911344820, 0.9874190740
0.9827314810, 0.9761895870, 0.9655314870, 0.7488688130
0.5971309370, 0.5568820950, 0.5338698140, 0.4559780500
0.3392371940, 0.2735295100, 0.2477971510, 0.2266294290
0.1969067420, 0.1749135910, 0.1570183990, 0.1442862120
0.1300791290, 0.1105379120, 0.0977219540, 0.0672641920
0.0560325630, 0.0506682130, 0.0474505050, 0.0450749310
0.0431404510, 0.0413782960, 0.0396842110, 0.0381351510
0.0365297000, 0.0350139580, 0.0336013970, 0.0322505280
0.0309198650, 0.0296718180, 0.0284372420, 0.0271679140
0.0259599210, 0.0247313640, 0.0235506700, 0.0225079080
0.0214303950, 0.0204145740, 0.0194469760, 0.0185481650
0.0176975750, 0.0168331570, 0.0160166030, 0.0152206130
0.0144519220, 0.0137176250, 0.0129971570, 0.0123593050
0.0117210940, 0.0110623190, 0.0104928950, 0.0099167350
0.0093813460, 0.0088324870, 0.0083314910, 0.0078581530
0.0073986440, 0.0069182130, 0.0064927390, 0.0060949230
0.0056900130, 0.0053127620, 0.0049422460, 0.0045784650
0.0042352480, 0.0039196900, 0.0036246960, 0.0033226080
0.0030343490, 0.0027801250, 0.0025191660, 0.0022858650
0.0020592990, 0.0018600330, 0.0016607670, 0.0015029870
0.0013175500, 0.0011732420, 0.0010292910, 0.0008920760
0.0007548610, 0.0006449460, 0.0005282950, 0.0003442370
0.0003088230, 0.0002127370, 0.0000960863, 0.0000000000
gr_anode_soc_table_end
si_cap_loss_rate_once_table_start
4=col
0x12730f48=crc
0.0010000000, 0.0010000000, 0.0010000000, 0.0010000000
0.0010000000, 0.0010000000, 0.0010000000, 0.0010000000
0.0010000000, 0.0010000000, 0.0010000000, 0.0010000000
0.0010000000, 0.0010000000, 0.0010000000, 0.0010000000
0.0010000000, 0.0010000000, 0.0010000000, 0.0010000000
0.0010000000, 0.0010000000, 0.0010000000, 0.0010000000
0.0010000000, 0.0010000000, 0.0010000000, 0.0010000000
0.0010000000, 0.0010000000, 0.0010000000, 0.0010000000
0.0010000000, 0.0010000000, 0.0010000000, 0.0010000000
0.0010000000, 0.0010000000, 0.0010000000, 0.0010000000
0.0010000000, 0.0010000000, 0.0010000000, 0.0010000000
0.0010000000, 0.0010000000, 0.0010000000, 0.0010000000
0.0010000000, 0.0010000000, 0.0010000000, 0.0010000000
0.0010000000, 0.0010000000, 0.0010000000, 0.0010000000
0.0010000000, 0.0010000000, 0.0010000000, 0.0010000000
0.0010000000, 0.0010000000, 0.0010000000, 0.0010000000
0.0010000000, 0.0010000000, 0.0010000000, 0.0010000000
0.0010000000, 0.0010000000, 0.0010000000, 0.0010000000
0.0010000000, 0.0010000000, 0.0010000000, 0.0010000000
0.0010000000, 0.0010000000, 0.0010000000, 0.0010000000
0.0010000000, 0.0010000000, 0.0010000000, 0.0010000000
0.0010000000, 0.0010000000, 0.0010000000, 0.0010000000
0.0010000000, 0.0010000000, 0.0010000000, 0.0010000000
0.0010000000, 0.0010000000, 0.0010000000, 0.0010000000
0.0010000000, 0.0010000000, 0.0010000000, 0.0010000000
0.0010000000, 0.2297500000, 0.2220452500, 0.2143405000
0.2066357500, 0.1989310000, 0.1912262500, 0.1835215000
0.1758167500, 0.1681120000, 0.1604072500, 0.1527025000
0.1449977500, 0.1372930000, 0.1295882500, 0.1218835000
0.1141787500, 0.1064740000, 0.0987692500, 0.0910645000
0.0833597500, 0.0756550000, 0.0679502500, 0.0602455000
0.0525407500, 0.0448360000, 0.0371312500, 0.0294265000
0.0217217500, 0.0140170000, 0.0063122500, 0.0010000000
0.0010000000, 0.0010000000, 0.0010000000, 0.0010000000
0.0010000000, 0.0010000000, 0.0010000000, 0.0010000000
0.0010000000, 0.0010000000, 0.0010000000, 0.0010000000
0.0010000000, 0.0010000000, 0.0010000000, 0.0010000000
0.0010000000, 0.0010000000, 0.0010000000, 0.0010000000
0.0010000000, 0.0010000000, 0.0010000000, 0.0010000000
0.0010000000, 0.0010000000, 0.0010000000, 0.0010000000
0.0010000000, 0.0010000000, 0.0010000000, 0.0010000000
0.0010000000, 0.0010000000, 0.0010000000, 0.0010000000
0.0010000000, 0.0010000000, 0.0010000000, 0.0010000000
0.0010000000, 0.0010000000, 0.0010000000, 0.0010000000
0.0010000000, 0.0010000000, 0.0010000000, 0.0010000000
0.0010000000, 0.0010000000, 0.0010000000, 0.0010000000
0.0010000000, 0.0010000000, 0.0010000000, 0.0010000000
0.0010000000, 0.0010000000, 0.0010000000, 0.0010000000
0.0010000000, 0.0010000000, 0.0010000000, 0.0010000000
0.0010000000, 0.0010000000, 0.0010000000, 0.0010000000
0.0010000000, 0.0010000000, 0.2478500000, 0.2395607500
0.2312715000, 0.2229822500, 0.2146930000, 0.2064037500
0.1981145000, 0.1898252500, 0.1815360000, 0.1732467500
0.1649575000, 0.1566682500, 0.1483790000, 0.1400897500
0.1318005000, 0.1235112500, 0.1152220000, 0.1069327500
0.0986435000, 0.0903542500, 0.0820650000, 0.0737757500
0.0654865000, 0.0571972500, 0.0489080000, 0.0406187500
0.0323295000, 0.0240402500, 0.0157510000, 0.0074617500
0.0010000000, 0.0010000000, 0.0010000000, 0.0010000000
0.0010000000, 0.0010000000, 0.0010000000, 0.0010000000
0.0010000000, 0.0010000000, 0.0010000000, 0.0010000000
0.0010000000, 0.0010000000, 0.0010000000, 0.0010000000
0.0010000000, 0.0010000000, 0.0010000000, 0.0010000000
0.0010000000, 0.0010000000, 0.0010000000, 0.0010000000
0.0010000000, 0.0010000000, 0.0010000000, 0.0010000000
0.0010000000, 0.0010000000, 0.0010000000, 0.0010000000
0.0010000000, 0.0010000000, 0.0010000000, 0.0010000000
0.0010000000, 0.0010000000, 0.0010000000, 0.0010000000
0.0010000000, 0.0010000000, 0.0010000000, 0.0010000000
0.0010000000, 0.0010000000, 0.0010000000, 0.0010000000
0.0010000000, 0.0010000000, 0.0010000000, 0.0010000000
0.0010000000, 0.0010000000, 0.0010000000, 0.0010000000
0.0010000000, 0.0010000000, 0.0010000000, 0.0010000000
0.0010000000, 0.0010000000, 0.0010000000, 0.0010000000
0.0010000000, 0.0010000000, 0.0010000000, 0.0010000000
0.0010000000, 0.0010000000, 0.0010000000, 0.2659500000
0.2570762500, 0.2482025000, 0.2393287500, 0.2304550000
0.2215812500, 0.2127075000, 0.2038337500, 0.1949600000
0.1860862500, 0.1772125000, 0.1683387500, 0.1594650000
0.1505912500, 0.1417175000, 0.1328437500, 0.1239700000
0.1150962500, 0.1062225000, 0.0973487500, 0.0884750000
0.0796012500, 0.0707275000, 0.0618537500, 0.0529800000
0.0441062500, 0.0352325000, 0.0263587500, 0.0174850000
0.0086112500, 0.0010000000, 0.0010000000, 0.0010000000
0.0010000000, 0.0010000000, 0.0010000000, 0.0010000000
0.0010000000, 0.0010000000, 0.0010000000, 0.0010000000
0.0010000000, 0.0010000000, 0.0010000000, 0.0010000000
0.0010000000, 0.0010000000, 0.0010000000, 0.0010000000
0.0010000000, 0.0010000000, 0.0010000000, 0.0010000000
0.0010000000, 0.0010000000, 0.0010000000, 0.0010000000
0.0010000000, 0.0010000000, 0.0010000000, 0.0010000000
0.0010000000, 0.0010000000, 0.0010000000, 0.0010000000
0.0010000000, 0.0010000000, 0.0010000000, 0.0010000000
0.0010000000, 0.0010000000, 0.0010000000, 0.0010000000
0.0010000000, 0.0010000000, 0.0010000000, 0.0010000000
0.0010000000, 0.0010000000, 0.0010000000, 0.0010000000
0.0010000000, 0.0010000000, 0.0010000000, 0.0010000000
0.0010000000, 0.0010000000, 0.0010000000, 0.0010000000
0.0010000000, 0.0010000000, 0.0010000000, 0.0010000000
0.0010000000, 0.0010000000, 0.0010000000, 0.0010000000
0.0010000000, 0.0010000000, 0.0010000000, 0.0010000000
si_cap_loss_rate_once_table_end
si_cap_per_gram_table_start
4=col
0x663d7e3a=crc
1329.038, 1470.747, 1529.252, 1588.163
si_cap_per_gram_table_end
si_cap_init_table_start
4=col
0x4c1fa51a=crc
817.773, 904.968, 940.967, 977.216
si_cap_init_table_end
cell_cap_init_table_start
4=col
0xce6b3b09=crc
2646.508, 2782.169, 2859.794, 2879.382
cell_cap_init_table_end
cell_anode_ocv_table_start
4=col
0x27ff024c=crc
0.8995000000, 0.8611000000, 0.8264000000, 0.7940000000
0.7626000000, 0.7317000000, 0.7017000000, 0.6734000000
0.6470000000, 0.6224000000, 0.5997000000, 0.5784000000
0.5583000000, 0.5392000000, 0.5205000000, 0.5023000000
0.4841000000, 0.4662000000, 0.4486000000, 0.4317000000
0.4157000000, 0.4005000000, 0.3863000000, 0.3729000000
0.3602000000, 0.3474000000, 0.3332000000, 0.3150000000
0.2923000000, 0.2731000000, 0.2619000000, 0.2557000000
0.2517000000, 0.2485000000, 0.2454000000, 0.2410000000
0.2348000000, 0.2275000000, 0.2210000000, 0.2152000000
0.2099000000, 0.2052000000, 0.2009000000, 0.1973000000
0.1941000000, 0.1914000000, 0.1889000000, 0.1868000000
0.1848000000, 0.1831000000, 0.1816000000, 0.1802000000
0.1789000000, 0.1777000000, 0.1767000000, 0.1757000000
0.1748000000, 0.1740000000, 0.1733000000, 0.1725000000
0.1717000000, 0.1709000000, 0.1702000000, 0.1694000000
0.1685000000, 0.1675000000, 0.1664000000, 0.1650000000
0.1635000000, 0.1619000000, 0.1600000000, 0.1580000000
0.1560000000, 0.1539000000, 0.1519000000, 0.1500000000
0.1483000000, 0.1468000000, 0.1454000000, 0.1442000000
0.1432000000, 0.1423000000, 0.1415000000, 0.1409000000
0.1404000000, 0.1400000000, 0.1398000000, 0.1396000000
0.1397000000, 0.1398000000, 0.1401000000, 0.1407000000
0.1414000000, 0.1425000000, 0.1437000000, 0.1451000000
0.1468000000, 0.1484000000, 0.1493000000, 0.1473000000
0.1166000000, 0.8949000000, 0.8462000000, 0.8062000000
0.7721000000, 0.7406000000, 0.7111000000, 0.6827000000
0.6551000000, 0.6285000000, 0.6035000000, 0.5802000000
0.5588000000, 0.5388000000, 0.5203000000, 0.5026000000
0.4856000000, 0.4690000000, 0.4526000000, 0.4360000000
0.4197000000, 0.4039000000, 0.3887000000, 0.3746000000
0.3615000000, 0.3495000000, 0.3384000000, 0.3278000000
0.3177000000, 0.3076000000, 0.2968000000, 0.2851000000
0.2733000000, 0.2638000000, 0.2569000000, 0.2521000000
0.2481000000, 0.2443000000, 0.2401000000, 0.2349000000
0.2286000000, 0.2219000000, 0.2157000000, 0.2098000000
0.2045000000, 0.1997000000, 0.1953000000, 0.1914000000
0.1879000000, 0.1847000000, 0.1819000000, 0.1793000000
0.1770000000, 0.1749000000, 0.1730000000, 0.1712000000
0.1697000000, 0.1682000000, 0.1669000000, 0.1656000000
0.1644000000, 0.1632000000, 0.1620000000, 0.1609000000
0.1598000000, 0.1586000000, 0.1573000000, 0.1559000000
0.1544000000, 0.1526000000, 0.1506000000, 0.1483000000
0.1459000000, 0.1434000000, 0.1409000000, 0.1386000000
0.1365000000, 0.1347000000, 0.1331000000, 0.1317000000
0.1305000000, 0.1295000000, 0.1287000000, 0.1280000000
0.1274000000, 0.1269000000, 0.1266000000, 0.1263000000
0.1262000000, 0.1261000000, 0.1261000000, 0.1262000000
0.1264000000, 0.1265000000, 0.1265000000, 0.1263000000
0.1256000000, 0.1238000000, 0.1201000000, 0.1120000000
0.0953000000, 0.0494000000, 0.8858000000, 0.8304000000
0.7876000000, 0.7525000000, 0.7222000000, 0.6944000000
0.6678000000, 0.6420000000, 0.6165000000, 0.5921000000
0.5691000000, 0.5475000000, 0.5277000000, 0.5092000000
0.4919000000, 0.4754000000, 0.4596000000, 0.4439000000
0.4283000000, 0.4127000000, 0.3972000000, 0.3820000000
0.3677000000, 0.3544000000, 0.3420000000, 0.3306000000
0.3199000000, 0.3098000000, 0.3004000000, 0.2912000000
0.2818000000, 0.2711000000, 0.2604000000, 0.2522000000
0.2467000000, 0.2428000000, 0.2395000000, 0.2360000000
0.2316000000, 0.2257000000, 0.2187000000, 0.2122000000
0.2064000000, 0.2008000000, 0.1955000000, 0.1909000000
0.1868000000, 0.1831000000, 0.1798000000, 0.1767000000
0.1737000000, 0.1711000000, 0.1687000000, 0.1666000000
0.1646000000, 0.1630000000, 0.1614000000, 0.1600000000
0.1587000000, 0.1575000000, 0.1562000000, 0.1551000000
0.1539000000, 0.1528000000, 0.1516000000, 0.1504000000
0.1492000000, 0.1479000000, 0.1465000000, 0.1449000000
0.1432000000, 0.1412000000, 0.1389000000, 0.1364000000
0.1338000000, 0.1314000000, 0.1292000000, 0.1273000000
0.1257000000, 0.1243000000, 0.1230000000, 0.1219000000
0.1210000000, 0.1201000000, 0.1193000000, 0.1186000000
0.1179000000, 0.1173000000, 0.1167000000, 0.1161000000
0.1156000000, 0.1151000000, 0.1146000000, 0.1141000000
0.1134000000, 0.1124000000, 0.1106000000, 0.1069000000
0.0987000000, 0.0808000000, 0.0322000000, 0.8758000000
0.8154000000, 0.7701000000, 0.7343000000, 0.7043000000
0.6771000000, 0.6513000000, 0.6262000000, 0.6016000000
0.5776000000, 0.5547000000, 0.5332000000, 0.5132000000
0.4947000000, 0.4774000000, 0.4610000000, 0.4453000000
0.4299000000, 0.4146000000, 0.3993000000, 0.3839000000
0.3689000000, 0.3544000000, 0.3409000000, 0.3285000000
0.3170000000, 0.3064000000, 0.2964000000, 0.2871000000
0.2782000000, 0.2699000000, 0.2602000000, 0.2476000000
0.2391000000, 0.2346000000, 0.2317000000, 0.2293000000
0.2267000000, 0.2222000000, 0.2145000000, 0.2074000000
0.2007000000, 0.1939000000, 0.1878000000, 0.1827000000
0.1783000000, 0.1742000000, 0.1702000000, 0.1663000000
0.1628000000, 0.1597000000, 0.1570000000, 0.1547000000
0.1526000000, 0.1509000000, 0.1494000000, 0.1481000000
0.1471000000, 0.1461000000, 0.1453000000, 0.1444000000
0.1436000000, 0.1428000000, 0.1419000000, 0.1411000000
0.1401000000, 0.1390000000, 0.1378000000, 0.1363000000
0.1346000000, 0.1324000000, 0.1297000000, 0.1268000000
0.1240000000, 0.1215000000, 0.1193000000, 0.1176000000
0.1162000000, 0.1150000000, 0.1140000000, 0.1131000000
0.1123000000, 0.1116000000, 0.1110000000, 0.1104000000
0.1099000000, 0.1094000000, 0.1088000000, 0.1083000000
0.1078000000, 0.1073000000, 0.1068000000, 0.1062000000
0.1055000000, 0.1046000000, 0.1034000000, 0.1011000000
0.0965000000, 0.0867000000, 0.0672000000, 0.0234000000
cell_anode_ocv_table_end
